7.678121
7.111118
7.544115
7.977142
7.410138
7.843165
7.276162
7.709189
7.142186
7.575213
7.008209
7.441237
7.874264
7.307260
7.740287
7.173284
7.606311
7.039308
7.472335
7.905362
7.338328
7.771355
7.204352
7.637379
7.070376
7.503403
7.936430
7.369427
7.802454
7.235450
7.668477
7.101474
7.534501
7.967528
7.400525
7.833552
7.266549
7.699545
7.132542
7.565569
7.998596
7.431593
7.864620
7.297617
7.730644
7.163640
7.596667
7.029664
7.462691
7.895718
7.328715
7.761742
7.194739
7.627766
7.060732
7.493759
7.926786
7.359783
7.792810
7.225806
7.658834
7.091830
7.524857
7.957884
7.390881
7.823908
7.256905
7.689932
7.122929
7.555956
7.988983
7.421949
7.854976
7.287973
7.721000
7.153996
7.587024
7.020020
7.453047
7.886074
7.319071
7.752098
7.185095
7.618122
7.051119
7.484146
7.917173
7.350169
7.783166
7.216163
7.649190
7.082186
7.515213
7.948241
7.381237
7.814264
7.247261
7.680288
7.113285
7.546312
